5
-0.460001
2.23517e-07
-0.0800011
15
62.3
-4.9
1
1
1
4
0.0499999
-0.0200002
0
0.7
-0.6
0
1
1
1
7
1.8
0.01
-1.44
-2.3
-27.4
1.1
1
1
1
6
-1.97
-4.47035e-08
1.72
0.600003
131.8
-5.1
1.26
1.16
1
3
13.87
-1.17
0
-2.5
-76.9999
0
1
1
1
3
15.53
-1.19
-2.49
3.30001
-80.1
-1.3
1
1
1
3
17.98
-1.21
0
1.4
-77.3
0
1
1
1
3
18.8
-1.15
-4.76
3.3
-67.0999
-3.1
1
1
1
3
21.47
-1.11
0
-2.4
-80.3
0
1
1
1
2
-2.65
-0.15
1.61
8.8
89.6001
6.5
1
1
1
3
15.92
-0.95
0
-4.1
-72.9
0
1
1
1
3
15
-0.95
-6.26001
-1.1
-69.7999
2.1
-1.15
1.02
1
3
23.7
-1.04
-2.29
-1.5
-67.3
1.50001
1
1
1
3
25.0701
-1.24
0
-2.99999
-75.2999
0
1.04
1.04
1
3
20.85
-1.98
1.77
-4.8
-76.7999
-4.6
1
1
1
3
1.59
1.11
-3.21
0
0
1.1
1
1
1
3
-2.56
6.44
0
0
0
0
1
1
1
3
-2.25
-3.17
0
0
0
0
1
1
1
3
4.48
-0.26
0
0
0
0
1
1
1
3
-5.34
-0.4
0
0
0
0
1
1
1
3
5.64
4.57
0
0
0
0
1
1
1
3
14.6
10.45
0
-64.1
62
0
1
1
1
3
-7.25
0.25
1.99
0
0
-3.6
1.29
2.53
1
3
4.35
9.62
0
0
0
0
1
1
1
3
-14.32
-0.82
0
35.7
-51.5
0
1
1
1
